batëor	2	6024 | 6795
baudré	2	6841 | 6845
be	2	6888 | 8240
bee	2	6972 | 9187
bel1	2	6901 | 8581
beneficiier1	2	7105 | 7107
ber	2	6975 | 9189
bergier	2	7168 | 7169
berruie	2	7207 | 9191
berçuèl	2	7156 | 7160
bescochier	2	7243 | 7244
bestïal	2	7296 | 7297
bet	2	7307 | 7875
beverresse	2	9190 | 9374
biberon	2	7372 | 7374
bille2	2	7526 | 7527
billete	2	7535 | 7536
bis	2	7414 | 7577
bisse	2	7390 | 7604
blader	2	6270 | 7677
blaierie	2	7701 | 7732
bobelin	2	7840 | 7841
boce	2	7856 | 8117
bocier	2	8120 | 8132
bocler1	2	8121 | 8224
bois	2	7908 | 8104
boivre	2	7903 | 9371
borde1	2	8045 | 8373
border1	2	8048 | 8058
borsier	2	8468 | 8469
bort1	2	8040 | 8041
bot2	2	8146 | 8164
botoncel	2	8546 | 8548
bovet1	2	8569 | 8578
braconier	2	8609 | 8610
bracëor	2	8598 | 8721
brasme	2	51153 | 51327
brebiz	2	8743 | 8746
bret	2	8807 | 9031
briche1	2	8838 | 8916
brief	2	8760 | 8859
brievet	2	8828 | 8860
brigandine	2	8877 | 8883
brillon	2	8892 | 8897
brin	2	8905 | 9090
broc	2	8945 | 8946
brocheton	2	8970 | 8971
brochier	2	8962 | 8974
bruieroi	2	67762 | 67856
brunissëor	2	9127 | 9128
buce	2	9328 | 9344
bufet	2	9199 | 9200
buie	2	9235 | 9236
buisine	2	9251 | 9253
burel1	2	9297 | 9299
buretel	2	7812 | 9301
böelee	2	7872 | 8582
cabus	2	9426 | 9427
cadrant	2	9478 | 52318
cadre	2	9480 | 52321
caier	2	9506 | 9507
camuset	2	9731 | 9733
caorsin	2	9830 | 9831
capitaine	2	9856 | 9858
carder	2	9975 | 15293
carrëor	2	10078 | 52373
cas2	2	10122 | 10124
causer	2	10285 | 10286
caut	2	10295 | 10303
cautele	2	10297 | 10298
cautelos	2	10300 | 10302
celebrer	2	10392 | 10394
celestïal	2	10405 | 10406
celidoine	2	11506 | 11507
cendre	2	10445 | 10446
cerche1	2	10536 | 11577
cerchier	2	10599 | 11580
cerisier	2	10564 | 59076
cerne	2	10568 | 10570
certain	2	10585 | 10586
certificacïon	2	10593 | 10595
cete	2	10637 | 15337
chacerie	2	11262 | 11450
chachevel	2	9556 | 9931
chaiere	2	9516 | 10693
chaillel	2	9526 | 10678
chaisteron	2	10699 | 11830
chaitif	2	11606 | 11610
chaitivet	2	11615 | 11616
chaloir	2	10702 | 10739
chambrel	2	10747 | 10767
champiier	2	10804 | 10818
chanceler	2	9743 | 10822
chanceliere	2	10825 | 11255
chandelier	2	10847 | 10848
chanel1	2	9736 | 11532
changier	2	10873 | 10876
changëor	2	10879 | 10880
chanjon	2	10875 | 10898
chantel	2	9814 | 10905
chantelage	2	10907 | 11281
chape	2	9842 | 10940
chaperon	2	10969 | 10973
chapete	2	9850 | 10978
chapulaire	2	11019 | 58395
chardonerel	2	11051 | 11055
charme1	2	11100 | 11101
charree1	2	11159 | 11208
charron	2	10088 | 11195
charrot	2	11084 | 11202
charrote	2	11085 | 11203
charrotee	2	11086 | 11204
charrüage	2	11178 | 11206
chasti	2	11280 | 11286
chastiier	2	11292 | 11320
chaucïage	2	11440 | 11461
chauvet	2	11473 | 11474
che-	2	10317 | 11904
cheminee	2	11516 | 11517
chenece	2	10860 | 11537
chenir	2	11558 | 11570
chenissure	2	10883 | 11559
chevetaigne	2	11685 | 11686
chevroner	2	11727 | 11729
chipe	2	11801 | 11803
chopine	2	11866 | 11867
chäable1	2	10649 | 11247
chëoir	2	11492 | 11840
chëoite	2	11851 | 11973
cincenele	2	12072 | 12074
circoncire	2	12114 | 12135
circuler	2	12168 | 12170
circulierement	2	12163 | 12169
cirurgie	2	11824 | 11826
citoler	2	12222 | 12223
clacelier	2	12256 | 12257
clamor	2	12290 | 12291
clarain	2	12311 | 12321
claron	2	12274 | 12322
claré	2	12313 | 12315
clavele	2	12357 | 12359
clergesse	2	12401 | 12403
clergie	2	12404 | 12407
cloistrier1	2	12508 | 12509
closier	2	12533 | 12535
cocu1	2	12650 | 15308
coignet	2	12717 | 12758
col	2	12810 | 15289
colart	2	12327 | 12329
cole4	2	9502 | 15368
colerique	2	11854 | 12831
colombe2	2	12918 | 12940
colon	2	12931 | 12932
colorir	2	15392 | 67537
comant	2	13038 | 13039
comble1	2	12984 | 12987
coment1	2	13085 | 13086
comovoir	2	13134 | 13135
compagnie	2	13186 | 13191
componer	2	13334 | 13335
comuniier	2	13076 | 13161
con	2	13433 | 58482
condicïoner	2	13606 | 13609
confermer	2	13662 | 13664
confus1	2	13666 | 13772
conjoignement	2	13845 | 13850
conoistre	2	13539 | 13893
conreëor	2	13955 | 15166
conrëir	2	13953 | 15165
conte2	2	13408 | 14195
conter	2	13409 | 14256
continüement	2	14290 | 14292
contorber	2	14311 | 14661
contraire2	2	14355 | 14356
contre	2	14393 | 14394
contrebatre	2	14397 | 14400
contredit	2	14432 | 14433
contregaitier	2	14462 | 14469
contrepenser	2	14520 | 14521
contreprise	2	14541 | 14542
contreste	2	14572 | 14575
contrevengier	2	14597 | 14600
convers1	2	14706 | 14708
conversïon	2	14723 | 14724
cor2	2	14885 | 14886
coral2	2	14893 | 15473
corbeilliee	2	14902 | 14903
corbeillon	2	14905 | 14909
corbel	2	14900 | 15485
corge	2	14974 | 15508
corise	2	14986 | 15207
corjon	2	15512 | 15513
corlieu1	2	14988 | 14989
corne1	2	15010 | 15011
cornüel	2	15064 | 15065
coroiete	2	15529 | 15542
coron1	2	11888 | 15588
coronele	2	15066 | 15522
cortillier2	2	15614 | 15615
cortilliere	2	15615 | 15616
cortisel	2	15625 | 15626
cost1	2	15240 | 15248
costel	2	15228 | 15250
costor	2	15234 | 15682
cote2	2	12646 | 15280
coup1	2	6903 | 15405
coupe	2	15401 | 15413
coute	2	15692 | 16489
coutelet	2	15281 | 67628
coutivement	2	15726 | 16531
coutivëor	2	15728 | 16535
coutivëure	2	15729 | 16536
covenir	2	14695 | 22949
covert	2	15772 | 15773
covin	2	15761 | 15788
covrir	2	15773 | 15806
coçoner	2	14300 | 15223
crancier	2	15919 | 15921
crançon	2	15869 | 15933
cras	2	15898 | 32963
creche	2	15940 | 33069
crenel	2	15978 | 15980
crespe	2	15990 | 15991
crester	2	16037 | 16044
crestu	2	16031 | 16032
crete	2	16034 | 16162
cretine	2	16046 | 16047
croisement	2	16054 | 16343
croissement1	2	16190 | 16191
croissir	2	16194 | 16199
crole	2	16259 | 16261
cronique	2	11944 | 11945
crote1	2	16246 | 16248
crëantement	2	15924 | 15925
cueret	2	12687 | 12688
cuerier	2	11884 | 16401
culeter	2	12560 | 16512
cural	2	16606 | 16607
damoisele	2	16771 | 40498
datile	2	16708 | 16844
daufin	2	16861 | 16862
dea	2	16883 | 17004
debaillier	2	16901 | 18618
debot1	2	16975 | 16976
decevoir	2	17067 | 17070
declairement	2	17146 | 17147
declinaison	2	17157 | 17159
decors	2	17247 | 20198
decretiste	2	17284 | 17287
dedenz	2	16892 | 17325
deduire	2	17355 | 17356
defenir1	2	17414 | 17473
defenir2	2	17415 | 17474
definitif	2	17477 | 17480
defroissier	2	17548 | 17549
degrader	2	17632 | 18937
deintié	2	17698 | 17699
dejetement	2	17709 | 23664
delivrement	2	17833 | 17834
demaine1	2	17881 | 20077
demeine	2	17919 | 17931
denoiier	2	18089 | 18116
depert	2	18219 | 18220
depriier	2	18319 | 18337
depurer	2	18371 | 18372
desacostumance	2	18486 | 18763
desagrëable	2	18511 | 18513
desagrëer	2	18514 | 18515
desaprendre	2	18553 | 18554
desasservir	2	18575 | 18576
desatemprer	2	18588 | 18590
desavancier	2	18595 | 18597
descendant	2	18655 | 18659
descompagnier	2	18479 | 18710
descontinüer	2	18736 | 20175
descorder1	2	20189 | 20193
descort1	2	18482 | 20185
descosdre	2	17228 | 17252
descouper	2	18751 | 18817
descröer	2	18777 | 19445
deserdre	2	18500 | 18847
deserter	2	18856 | 18857
desesperement	2	18871 | 18872
desfaire	2	17373 | 17375
desfaçoner	2	17364 | 18888
desfendre	2	17411 | 17412
desfer1	2	17458 | 18916
desfieler	2	18904 | 18905
desfoncier	2	17495 | 18927
desguisement	2	17666 | 17667
desirrement	2	19026 | 19027
deslïement	2	17793 | 17794
deslöer	2	19064 | 19065
desoneste	2	18977 | 18980
desor	2	19383 | 19384
desordenement	2	19123 | 19124
desparagier	2	19145 | 19147
despareil	2	18154 | 20251
despendëor1	2	18201 | 18202
despitement	2	18246 | 19191
despris	2	18344 | 18345
desprisoner	2	18352 | 19234
desputaison	2	20295 | 20297
dessaisoner	2	19285 | 19286
dessavoir	2	19295 | 19379
desseler	2	18652 | 19306
dessemblable	2	19307 | 19309
dessener	2	19316 | 19317
dessoler	2	19357 | 19359
destablir	2	18878 | 19390
destorner	2	18540 | 19595
destreindre	2	19430 | 19431
destrempe	2	19619 | 19623
destroit	2	19639 | 19640
destrosser	2	19647 | 19649
desus	2	5423 | 19386
desver	2	19476 | 19496
desvoiier1	2	19741 | 19810
desvoleper	2	18843 | 19716
dete	2	19657 | 19947
deveement	2	19472 | 19712
devin1	2	19744 | 20451
deviner	2	19752 | 19754
devisement	2	19763 | 20465
deviser	2	19764 | 20466
devison	2	19767 | 20472
devisëor	2	19766 | 20467
devïer	2	19714 | 19742
dieu	2	7468 | 19949
diferent	2	19975 | 19976
diminissement	2	20092 | 20097
disner	2	20108 | 20109
dit	2	17702 | 20409
ditan	2	20122 | 20123
ditor	2	19926 | 19927
divenres	2	20428 | 20429
doblement	2	20765 | 20766
doblet	2	20773 | 20775
doblier	2	20779 | 20781
doiien	2	20861 | 20862
doille1	2	20545 | 20805
dolent	2	20560 | 20561
don	2	20631 | 20654
doucet	2	20791 | 20792
droit	2	20950 | 20951
dru	2	20969 | 20970
duchal	2	20998 | 21005
duire	2	21024 | 21025
durance	2	21062 | 21063
durement	2	20971 | 21071
edit1	2	21552 | 21791
efeminer	2	21585 | 21587
eficace	2	21598 | 21599
efimere	2	25009 | 29268
embaus(s)emer	2	21982 | 21984
embevrer	2	22030 | 22102
emboivre	2	22027 | 22141
empaistrier	2	22368 | 22422
empaler1	2	22324 | 22329
emperer	2	22400 | 35821
emplastrement	2	22323 | 22362
emploré	2	22470 | 22471
emprendre	2	22543 | 22544
enaissier	2	22622 | 22623
enceinte	2	22678 | 22681
encendrer	2	22686 | 22687
enchant2	2	22726 | 22727
encharner	2	22660 | 22755
encherir	2	22811 | 22812
enchotir	2	22826 | 22832
enchëement	2	22712 | 22798
enciter	2	22842 | 36158
enclaver	2	22849 | 22885
encloëure	2	22851 | 22887
encorement	2	22979 | 23001
encortiner	2	22984 | 22985
encrampelir	2	22991 | 22992
encrëable	2	22999 | 36299
encurer	2	23016 | 23027
endenter	2	23046 | 23048
endoctrinëor	2	23073 | 23074
enemistié	2	23761 | 36867
enfanter	2	23183 | 23205
enfermier	2	23237 | 36698
enfieler	2	23258 | 67435
enforcement1	2	23307 | 23312
enformer	2	23323 | 23324
enformëor	2	23326 | 36736
enfosser	2	23334 | 23336
enfroiié	2	23361 | 23385
enfuster	2	23401 | 23403
enföir1	2	23340 | 67731
engaignier	2	23412 | 23415
enganter	2	23428 | 23429
engrangier	2	23534 | 23535
engroissier	2	23568 | 23569
engroter	2	21781 | 21783
enhaitier	2	23583 | 23585
enjanglé	2	23660 | 23662
enmaioler	2	22207 | 26061
enmarer	2	22217 | 22218
enmende	2	22158 | 26076
enmessure	2	22239 | 23737
enmofler	2	22262 | 22270
enoiier	2	23788 | 23789
enquerre	2	23842 | 36981
enragier	2	22613 | 23867
enrer	2	23930 | 23931
enromancier	2	23921 | 67753
ensanglentement	2	23967 | 57973
enseignement	2	23996 | 23997
enseler	2	23984 | 24005
ensivre1	2	24101 | 24102
ensorcerer	2	24063 | 24067
ensorquetot	2	24106 | 60235
entablement	2	24109 | 44817
entement	2	24161 | 39268
entencïon	2	24189 | 37263
ententif	2	24188 | 37262
enteriner	2	24201 | 37312
enticement	2	24225 | 24239
entituler	2	24243 | 37409
entoner1	2	24256 | 24281
entonëoir	2	24257 | 24260
entordre	2	24262 | 24265
entr'acoler	2	24291 | 24410
entr'embracier	2	24369 | 24548
entr'envïer	2	67508 | 67558
entr'öir	2	24783 | 67569
entrait	2	24315 | 24316
entredeus	2	24459 | 24460
entreduire	2	24468 | 24767
entrejesir	2	24492 | 24494
entrementier(s)	2	24560 | 24561
entremetre	2	24568 | 24573
entremi	2	24574 | 24584
entrepaiier	2	67557 | 67616
entreprise	2	24648 | 24649
entrerequerir	2	24651 | 24662
entroigne	2	24772 | 24775
entronisier	2	24777 | 37459
entulle	2	24790 | 24791
enubler	2	23778 | 45581
enval	2	24811 | 24855
envie	2	24802 | 24857
envoi	2	24884 | 24886
envoisement	2	24895 | 24896
epilencie	2	25056 | 25057
erbiere2	2	34468 | 34469
ermin	2	25294 | 34561
error1	2	25316 | 25318
esbanir	2	25358 | 67777
esbanoiier	2	25354 | 25359
esbaudir	2	21131 | 21979
esbaudissement	2	21132 | 55953
esböir	2	21110 | 21942
escachier	2	25411 | 26424
escandlir	2	25446 | 25664
escarlate	2	21180 | 25430
escarteler	2	21184 | 21185
eschafauder	2	10665 | 21199
eschafe	2	25414 | 25415
eschare	2	25479 | 25534
escharjage	2	17082 | 25536
eschauder	2	21259 | 21261
eschever	2	18682 | 25594
eschiele2	2	25574 | 26440
eschier1	2	25580 | 45393
eschivir	2	25597 | 25627
esclem	2	25657 | 25681
esclenc	2	22853 | 25683
escliste	2	25572 | 25698
esclistrer	2	25570 | 25700
escluignier	2	25690 | 25714
escluse	2	21369 | 25716
escoleter	2	25734 | 25735
escolorgier	2	25740 | 25743
esconsement	2	25771 | 25772
escorchier	2	21393 | 21396
escorser	2	25840 | 25841
escostengier	2	17253 | 25802
escove	2	21436 | 25855
escrivain	2	21473 | 21474
escröe1	2	25899 | 25900
escuierie	2	21518 | 21523
escïemment	2	23987 | 25642
escüelier1	2	21497 | 21498
esduit	2	25936 | 25937
esforcement1	2	21654 | 67531
esfroidir	2	21682 | 21694
esgarder	2	17569 | 21738
esgarite	2	1905 | 25953
esgart	2	21734 | 25950
esgli(n)cier	2	21359 | 25691
eslire	2	21879 | 21887
esloide	2	23718 | 26040
esmeutir	2	26105 | 44017
esmognoner	2	26078 | 26089
esmovoir	2	22186 | 22316
espacïos	2	26117 | 60478
espaignol	2	24918 | 26125
espaille	2	25017 | 26132
espardement	2	24946 | 24964
espardre	2	24962 | 26160
espargne	2	24952 | 24958
esparre	2	26173 | 26177
espart	2	26164 | 26180
espartissement	2	18173 | 26185
espasme	2	26189 | 60493
espece	2	25021 | 26213
especefiier	2	26222 | 60509
espeinte	2	26135 | 26229
esperdre	2	24993 | 24994
espere	2	26250 | 60535
esperit	2	26260 | 26403
esperitalité	2	26313 | 60562
esperitel	2	26314 | 60563
espessement	2	24921 | 24922
espesset	2	24925 | 67839
espiier1	2	25044 | 26282
espinache	2	25065 | 25099
espiner	2	25079 | 25083
esplorer	2	25127 | 25129
espoir	2	26346 | 26347
esposer2	2	25148 | 25150
espovrir	2	24980 | 25006
espringale	2	26390 | 26392
esprueve	2	25176 | 25179
espröon	2	26406 | 60598
espuer	2	26271 | 26413
espuisier	2	25189 | 26210
esquerre2	2	26431 | 27896
esquiper	2	25241 | 26456
esröeillier	2	25271 | 26502
essaiier	2	4810 | 26540
essaucement	2	23974 | 27684
esseu	2	26569 | 26579
essever1	2	25567 | 26575
essil	2	27714 | 27715
essillement	2	26586 | 27718
essillier	2	27719 | 27720
est1	2	26628 | 27140
establement	2	27057 | 27058
estagier1	2	27073 | 27077
estalier	2	27094 | 27095
estalon1	2	26648 | 27098
estat	2	27126 | 27134
estechier	2	26725 | 26776
estel	2	26730 | 37711
esteler2	2	27208 | 27209
estendre	2	27157 | 27158
esteule	2	26859 | 27177
estiere	2	26778 | 26779
estorement	2	26849 | 27238
estrangement	2	27246 | 27247
estraver	2	26923 | 67694
estrecier	2	27266 | 27267
estreper	2	27260 | 27987
estrichier	2	26966 | 26967
estrieu	2	26932 | 27277
estrive	2	26971 | 26972
estroit	2	27290 | 27291
estruit	2	26504 | 26996
esvanir	2	27397 | 27398
esveillier	2	27417 | 27420
etimologie	2	27326 | 27327
exercitement	2	27655 | 27669
exercïon	2	27660 | 27673
exterminer	2	27933 | 27935
face	2	28039 | 30275
faille1	2	28144 | 30282
faiticet	2	28218 | 28219
faitier	2	28210 | 28211
faitif	2	28086 | 28214
faitor	2	28080 | 28208
falot1	2	28250 | 28252
fanfelüe	2	28104 | 28308
fange	2	28314 | 29063
fantosme	2	28334 | 28340
faoner	2	28074 | 28076
farce	2	28352 | 28353
farisé	2	48689 | 48690
faucillier1	2	28498 | 28500
faussement	2	28531 | 28532
feblet	2	28125 | 28126
fee1	2	28639 | 30301
feintiz	2	28665 | 28671
felon	2	28695 | 28696
felonessement	2	28674 | 28699
felonos	2	28708 | 28711
femele	2	28718 | 28720
femelete1	2	28729 | 28731
femenin	2	28719 | 28728
fenestre	2	28761 | 28764
feral	2	28785 | 28800
ferement	2	28792 | 29144
fermement	2	28827 | 28828
fermoir	2	28841 | 28849
ferrer	2	28875 | 28881
fert	2	28907 | 28908
festable	2	28961 | 28974
festal	2	28939 | 28962
feste	2	28204 | 28983
fester	2	28971 | 28984
feuchiere	2	29553 | 30315
feuge	2	28997 | 30312
feupe	2	29032 | 30910
feupier	2	29034 | 30913
fichement	2	29083 | 29084
fierge	2	28798 | 67430
filatiere	2	29208 | 48756
fileron	2	29213 | 29219
fine	2	28162 | 30325
finement	2	29287 | 29288
fisonomie	2	48721 | 48763
flac	2	29360 | 29504
flajol	2	29386 | 29395
flaschet	2	29366 | 29506
fliche	2	29548 | 29612
flor1	2	29585 | 29587
florer	2	29590 | 29636
floreter	2	29592 | 29593
florier	2	29647 | 29648
flote1	2	29671 | 29673
fluvïel	2	29722 | 29723
flüement	2	29698 | 30337
foilloler	2	29024 | 29025
foimentie	2	29747 | 29748
foirier1	2	28807 | 29754
fole	2	29312 | 30333
folet	2	29789 | 29814
folon	2	29802 | 30348
folor	2	29793 | 30342
foncel	2	28344 | 29834
fondefle	2	29869 | 61901
fondement	2	29873 | 29875
fonder2	2	29867 | 29876
fondëiz	2	29887 | 29888
forage	2	29931 | 29954
forcement	2	29961 | 29962
forchier1	2	30375 | 30381
forelore	2	30023 | 30720
forjugier	2	30085 | 30087
formel1	2	30115 | 30116
forment	2	30192 | 31005
fornage	2	30416 | 30434
fornement	2	30424 | 30441
fornoiier1	2	30169 | 30450
forrëor1	2	30473 | 30474
forsenement	2	29966 | 29967
forsener	2	29965 | 29968
fortuner	2	30223 | 30225
fossoiier	2	30267 | 30268
frait	2	30554 | 30563
fraitiz	2	30569 | 30570
franc1	2	30577 | 30578
franchiment	2	30591 | 30597
frengier	2	30623 | 30624
frequentement	2	30756 | 30763
frere	2	6905 | 30769
frisquet	2	30933 | 30934
froissure	2	30797 | 30989
fruitier1	2	31090 | 31091
fuir	2	23396 | 31129
fïancier1	2	29070 | 29071
gabuserie	2	9432 | 31350
gaiet	2	31405 | 31406
gaimel	2	31422 | 31880
galee2	2	31449 | 31475
galet	2	31462 | 37818
galete	2	31468 | 31483
galïot1	2	31495 | 31496
gantier2	2	31575 | 31576
gardenc	2	31621 | 67215
garenne	2	31678 | 31679
garennier	2	31680 | 31681
garnement	2	31723 | 31724
garol	2	31736 | 40139
gastelier	2	31789 | 31790
gastement	2	31777 | 31792
gaudine	2	31822 | 31823
gein	2	31906 | 32021
genest	2	31982 | 31986
genitier	2	32013 | 32018
genitif	2	32014 | 32015
gent1	2	32035 | 32036
gentil	2	32046 | 32048
girafe	2	4042 | 32227
gire	2	32232 | 32233
giron1	2	32245 | 32246
glacier	2	32279 | 32286
glai	2	32299 | 32338
glon	2	32335 | 32466
glotement	2	32435 | 32436
gluioter	2	32477 | 32481
gole	2	33540 | 33542
gordin	2	32750 | 32751
gorgier1	2	32622 | 32627
gorguillon	2	16583 | 32658
gorme	2	32770 | 32771
gote	2	32798 | 32799
gotier	2	32686 | 32810
goupil	2	32735 | 67158
goupille	2	32737 | 67159
graife	2	33087 | 33088
graignor	2	31400 | 32888
graisle	2	33103 | 33104
grapillier	2	25970 | 32958
gravele	2	33029 | 33030
gravier	2	33043 | 33208
grel	2	32868 | 33414
grenon	2	33151 | 33152
grer	2	33322 | 33420
grevement	2	33201 | 33205
grief	2	33223 | 33224
grille	2	32883 | 33256
grocier	2	33319 | 33355
grossement	2	33383 | 33384
grosset	2	33390 | 33391
grüerie	2	32869 | 33085
guignier1	2	33580 | 33583
guiier	2	33561 | 33669
guiterne	2	33647 | 52582
guiternëor	2	33650 | 52584
guivre1	2	33653 | 67061
gäaignepain	2	31395 | 31396
h	2	33753 | 34306
hait	2	17676 | 33814
haitier	2	33818 | 33820
hamede	2	33869 | 33874
han	2	33889 | 33890
haneton	2	33915 | 52458
hant	2	33935 | 35219
harde	2	33994 | 34024
harigot	2	34052 | 34067
harper1	2	34110 | 34587
harpëor1	2	34113 | 34114
hart	2	34127 | 35220
haschiee	2	34137 | 34139
haste menu	2	34157 | 34158
hastement	2	34161 | 34162
hastivement	2	34178 | 34190
hastivet	2	34179 | 34192
haubergier3	2	34201 | 34204
havet	2	34282 | 34284
heaumer	2	34312 | 34313
hechier	2	34349 | 34431
herberge	2	5379 | 34323
herbergement	2	5381 | 34326
herbergerie	2	5383 | 34329
herbergier	2	5382 | 34327
herbergëor	2	5384 | 34330
herberjage	2	5380 | 34325
hiraude	2	34436 | 34727
ho!	2	34774 | 34835
hochement	2	34795 | 34957
hoder	2	34806 | 34807
hontagier	2	1959 | 34927
horson	2	34959 | 35002
hoser	2	35164 | 35167
houssepignier	2	32738 | 35184
hurtebillier	2	34643 | 34644
hüeter	2	35103 | 35259
ier	2	5614 | 34697
ierre	2	21792 | 39534
igaler	2	21730 | 23421
il	2	35578 | 46129
iluec	2	35611 | 40267
impetracïon	2	22419 | 35863
importer	2	35908 | 35909
imporvëu1	2	35931 | 35932
incompassible	2	36206 | 36209
incontinent	2	36257 | 36258
indivis	2	36464 | 36468
infinit	2	36688 | 36690
infirmer	2	36696 | 36697
injurement	2	36893 | 36901
injurïateur	2	36891 | 36897
inquinacïon	2	12774 | 36993
insensibleté	2	37075 | 37078
instant	2	37153 | 37154
ir	2	2127 | 46137
iraconde	2	37589 | 37592
ireter	2	1946 | 34540
iros	2	2147 | 37609
irosement	2	2146 | 37608
irraisonable	2	37006 | 37621
irrecuperable	2	37008 | 37629
issue	2	37709 | 67315
iver1	2	2213 | 27445
ivroigne1	2	37755 | 37756
ja	2	37768 | 37833
jaiolier	2	32066 | 32067
jart1	2	37938 | 67517
je	2	37986 | 38163
jetoir	2	38011 | 38016
joint1	2	38075 | 38076
joliver	2	38100 | 38108
jolivet	2	38101 | 38109
jonemente	2	38034 | 38225
jumel	2	31925 | 38327
jun	2	23666 | 38027
jurer	2	38362 | 38366
jus2	2	38385 | 38387
juste1	2	38397 | 38398
jüerie	2	38284 | 38318
laboros	2	38495 | 38510
lace	2	38515 | 39430
laceron1	2	38523 | 39004
laicel	2	38531 | 38583
lamentement	2	38717 | 38720
lange	2	38798 | 38799
langoste	2	38814 | 39873
lanier	2	38843 | 38844
laniier	2	38618 | 38845
larget	2	38931 | 38932
larron	2	38968 | 38969
lart	2	38907 | 39429
las	2	2267 | 38985
laschement	2	38533 | 38534
lasset	2	39006 | 39007
laudanon	2	38477 | 39070
legat1	2	39191 | 39195
lesche	2	38585 | 39142
leson	2	39313 | 39315
letrin	2	39352 | 40374
letron	2	39339 | 39353
levëor	2	39388 | 39389
lez	2	39413 | 39414
li	2	39418 | 39519
lignement1	2	39570 | 39587
lignet	2	39573 | 39591
ling1	2	39666 | 39686
liquide	2	39748 | 39749
lis	2	39757 | 67606
litarge	2	39787 | 39795
livre1	2	39476 | 39834
livre3	2	39471 | 39833
livree1	2	39836 | 39837
lodier1	2	39877 | 40112
lois	2	39422 | 40103
loison	2	39423 | 67705
longement	2	39990 | 39991
longiere	2	39974 | 39986
longuet	2	39996 | 39997
lope	2	40004 | 40137
loquet	2	40026 | 40028
losengier1	2	40074 | 40075
love-cerviere	2	40134 | 40172
lubre	2	40208 | 40216
luisor	2	39765 | 40295
luiton	2	40297 | 40371
lut	2	40366 | 40369
löerresse1	2	40120 | 40121
machier	2	40426 | 41292
maciere	2	40462 | 41651
macle	2	40466 | 43720
maigret	2	40591 | 40592
maille	2	40599 | 40600
maillet	2	40613 | 40614
mailluel	2	40623 | 40629
maimonet	2	40635 | 42071
maistre	2	40746 | 40748
malaventure	2	40825 | 40826
maligne1	2	40946 | 40953
malëur	2	40926 | 40929
mamoné	2	40473 | 41065
manable	2	41067 | 41167
manche1	2	41082 | 41083
manement	2	40651 | 41179
mangëor	2	41151 | 42677
manuevre1	2	41127 | 41217
marchis	2	41352 | 41519
mareschos	2	41304 | 41516
marle	2	40601 | 41483
marliere	2	40611 | 41485
marreglier	2	41427 | 41535
marrir	2	41541 | 41542
marroge	2	41548 | 41551
masse	2	41639 | 41656
mastic	2	21938 | 41658
mastin	2	41718 | 41722
mat	2	41674 | 41675
mater	2	41689 | 41690
materel	2	41695 | 41696
matinel	2	41721 | 41725
megëicier1	2	41973 | 41975
melancolie	2	41099 | 41988
menstre	2	42176 | 42178
mer	2	42260 | 43743
mercier	2	42279 | 42280
merite	2	42331 | 42332
merveillement	2	42369 | 42373
mesaisier	2	42381 | 42382
meschin	2	21317 | 41866
meschëoir	2	41857 | 41869
mesconter	2	41874 | 42407
mescroire	2	41892 | 41893
mesle mesle	2	47906 | 67584
mesprenture	2	42247 | 42248
mestraitier	2	19607 | 42533
mesure	2	42429 | 42482
mie1	2	42636 | 42637
miel	2	42639 | 42642
mil1	2	42706 | 42725
milier	2	42741 | 42742
minel	2	42778 | 42793
mipartir	2	42838 | 42839
misterïal	2	44032 | 44034
moienant	2	41848 | 43703
moienement	2	43706 | 43707
moison	2	43071 | 43073
moitoiier2	2	42512 | 43103
mole	2	43020 | 43109
monage	2	43178 | 43226
monde1	2	43205 | 43206
monestement	2	34892 | 43223
monter	2	43241 | 43288
mor1	2	43327 | 43375
mors1	2	43027 | 43446
mort	2	43454 | 43455
mortaille	2	43460 | 43461
mortement	2	43472 | 43476
mortoire	2	43498 | 43500
mortüage	2	43457 | 43502
mosle	2	43598 | 43926
moudre1	2	42659 | 43571
mounier	2	41210 | 42578
moutepliier	2	43619 | 43832
mouteplïance	2	43618 | 43821
muebler	2	42559 | 42561
muilon	2	42715 | 42743
mur	2	43850 | 43851
muraille	2	43857 | 43965
murer	2	43868 | 43869
murmurer	2	43893 | 43897
musëor1	2	43950 | 43951
müement	2	43742 | 43866
nage	2	44058 | 44453
narde	2	44130 | 44132
nase	2	44164 | 44451
nasier	2	44168 | 44181
navílie	2	44280 | 44283
ne	2	44594 | 44953
ne1	2	44302 | 44593
ne2	2	44303 | 44856
negier	2	44367 | 44368
nel	2	44330 | 44602
nent	2	44307 | 44308
nicet	2	44462 | 44463
nif	2	44073 | 44076
noble1	2	44548 | 44553
noielet	2	44860 | 44930
noiere	2	44492 | 44613
noinz	2	44617 | 44771
nomer	2	44694 | 44697
nos	2	44868 | 44961
nostre	2	44812 | 44851
notairie	2	44821 | 44822
note	2	44580 | 44828
novelet	2	44900 | 44902
nuble	2	44942 | 44943
nudité	2	44952 | 44960
nuef1	2	44426 | 44427
nuisos	2	44970 | 44971
nuitantre	2	44977 | 44980
nul	2	44986 | 67704
nïement	2	44093 | 44460
nöeler	2	44481 | 44859
nüance	2	44455 | 44935
oblee	2	46106 | 46109
oblïement	2	45082 | 46110
oblïer	2	46108 | 46111
obtenebrer	2	45173 | 45174
ocasïoner	2	45197 | 45200
ochaison	2	22828 | 45241
ocult	2	45222 | 45224
oficïal	2	45359 | 45361
oire	2	12793 | 45419
oiste	2	34834 | 45453
ole	2	45456 | 60116
olete	2	45466 | 60124
olier	2	35277 | 45465
olifant	2	21855 | 45468
olor	2	45462 | 60125
ombrer	2	45107 | 45501
ombros	2	45507 | 45516
omecide	2	34845 | 34846
oneste	2	34890 | 34891
opcïon1	2	45689 | 45690
or2	2	45703 | 45810
orbet	2	45735 | 45736
ordenement	2	45795 | 45796
ordiere	2	45766 | 45955
ordoiement	2	45759 | 45785
ordoiier	2	45802 | 45803
ore1	2	5533 | 45807
oree1	2	45813 | 45814
orgener	2	45848 | 45885
origan	2	45902 | 45903
original	2	45905 | 45910
orler	2	46148 | 46149
orribleté	2	34981 | 34984
orëor1	2	45833 | 45961
orïental	2	45893 | 45894
ostage2	2	35038 | 46077
ostagier1	2	35039 | 46081
ostor	2	5599 | 46085
outrecuidier	2	46189 | 46190
ovrable1	2	46238 | 46239
ovrer	2	45331 | 46251
ovrir	2	46235 | 46258
pacïent	2	47561 | 47562
page1	2	46349 | 47750
paienisme	2	46363 | 46364
paillier	2	46388 | 46389
paler	2	46479 | 67526
paleron	2	46486 | 46521
pance	2	46650 | 50730
papegai	2	46697 | 46698
parage	2	46782 | 47073
parer1	2	46955 | 47000
parfaire	2	47019 | 47023
parfondir	2	22347 | 47043
parforcement	2	47048 | 50952
parforcier	2	47049 | 50953
parforer	2	47050 | 48238
parge	2	47062 | 47063
parisin	2	47094 | 47095
parmanoir	2	48301 | 48303
parone	2	47184 | 47185
parservir	2	47252 | 48431
parsomet	2	47256 | 67457
parsoner	2	46893 | 47259
partagier	2	47074 | 47274
partir	2	47176 | 47325
parvis	2	47371 | 67655
pas	2	47378 | 47379
pasmer	2	46568 | 46570
pasnaie	2	46583 | 47392
passement	2	47427 | 47466
passeret1	2	47437 | 47439
passible	2	47451 | 47452
passibleté	2	47449 | 47454
passoir	2	47448 | 47467
past1	2	47471 | 47526
pastor	2	47486 | 47590
pasture2	2	47516 | 47639
patron	2	47616 | 47617
paupiere	2	47676 | 47677
pautoniere	2	47685 | 47686
pecine	2	47806 | 49154
pecëiz	2	47781 | 47807
peintor	2	47881 | 47882
pel1	2	46433 | 48887
pelete	2	46507 | 49711
pen	2	48066 | 48068
pendant	2	47992 | 47993
pendiz	2	48004 | 48008
pene	2	46626 | 48064
pens	2	48080 | 48084
pensement	2	46652 | 48087
per	2	46405 | 48855
peregrinacïon	2	47912 | 48216
perillement	2	48260 | 48262
perlerie	2	48290 | 49710
permutacïon	2	48326 | 51693
perresil	2	48444 | 48445
pertuisier	2	18221 | 48497
peschier1	2	47791 | 47792
pesle	2	48017 | 48556
pestel	2	48571 | 50289
pet	2	48596 | 48879
pignolat	2	48905 | 48909
pile1	2	48927 | 48928
piler1	2	48930 | 48944
piment	2	48898 | 48996
pincel1	2	49015 | 49017
pinçon	2	49050 | 52572
pis	2	47746 | 49149
pitable	2	49183 | 49200
planer1	2	49324 | 49325
plaquier	2	49380 | 49381
platine	2	46461 | 49413
plon	2	3625 | 49542
plonjon1	2	49577 | 49578
plote1	2	49601 | 49602
poil	2	49771 | 50394
poillier	2	50433 | 50434
point	2	49788 | 49789
pointel	2	49055 | 49793
poir	2	49818 | 50732
poissantment	2	52120 | 52123
polain	2	50445 | 50446
polete	2	50462 | 50470
polipe	2	49940 | 49945
pollu	2	49926 | 49929
pomel	2	49951 | 49953
poncel	2	49994 | 49996
por	2	48664 | 52079
porchauchier	2	50531 | 50532
porfire1	2	50125 | 50127
porloignier	2	51649 | 51654
pormener	2	50574 | 51659
poros	2	48668 | 50111
portal1	2	50142 | 50144
portier1	2	50207 | 50209
portiere	2	50210 | 50211
portoir	2	50205 | 50226
potel	2	50346 | 50347
pouture	2	50377 | 50727
pouz	2	50399 | 50733
povret	2	47692 | 47693
pratique1	2	50764 | 50765
prelacïon	2	50988 | 50993
prelat	2	50981 | 50982
preposterer	2	51088 | 51089
presentement	2	51134 | 51135
preterit	2	51231 | 51233
prim	2	51318 | 51326
prince	2	51356 | 51358
princement	2	51360 | 51361
princier	2	51367 | 51371
principalité	2	51376 | 51379
prinsaut	2	51355 | 51390
prison	2	51412 | 51413
priëor	2	50891 | 50919
procuracïon	2	51503 | 51511
procurer	2	51505 | 51515
prodomie	2	51961 | 51964
progene	2	51593 | 51594
promovoir	2	51679 | 51680
pronostique	2	51707 | 51711
proposement	2	49983 | 51774
propre	2	51315 | 51779
prosement	2	50838 | 51554
prosperer	2	51829 | 51831
prostré	2	51846 | 51847
prëer	2	50885 | 50917
prïement	2	51303 | 51329
pröage	2	50739 | 51448
psile	2	52007 | 52008
publement	2	52035 | 67470
pujois	2	52131 | 52132
purgement	2	52206 | 52221
pute	2	52244 | 52253
pëagier1	2	47752 | 47756
pöacre	2	49695 | 50396
pöesté	2	49724 | 49725
rabast	2	52655 | 52656
rabi	2	52669 | 52670
raciner	2	52781 | 52782
raconter	2	52793 | 52803
racornillier	2	52810 | 52811
radot	2	52867 | 52869
rafarderie	2	52889 | 54446
rai	2	52962 | 52963
raiembre	2	52882 | 52982
raiier	2	53684 | 53685
ralïance	2	53063 | 53068
ramentevance	2	53128 | 53132
rance	2	53217 | 53715
rap	2	53302 | 53303
rape	2	53299 | 53300
rapeler	2	20902 | 53351
raser	2	53417 | 53418
rasoir	2	53423 | 53434
rassotir	2	53470 | 53476
raviser	2	53653 | 53654
ravoler	2	53649 | 53676
rebofer	2	53797 | 53842
reborser	2	53809 | 53811
recete	2	53912 | 54040
rechignier	2	53952 | 53955
recort1	2	52809 | 54160
recoupëor	2	54171 | 54172
recovrëor1	2	54197 | 54198
recrïer	2	54225 | 54229
recuitëor	2	54274 | 54275
redois	2	54358 | 54377
ree	2	52978 | 54412
reflamboiier	2	54496 | 54497
refonder	2	54529 | 54530
reformer	2	54545 | 54546
refretoir	2	54449 | 54453
regon	2	54710 | 57046
regraignier	2	54643 | 54644
regreter	2	54786 | 54787
regulement	2	54809 | 54812
rein	2	54846 | 54850
rejehir	2	54877 | 54878
relacier	2	54899 | 54904
rele	2	57294 | 57482
relent	2	53724 | 54940
remetre	2	55106 | 55123
remplage	2	52883 | 55187
remplir	2	52884 | 55193
rendre	2	55344 | 55346
rengrever	2	23559 | 55414
renoiier1	2	55425 | 55427
renoille	2	33153 | 55471
renomer	2	55454 | 55457
renon	2	53226 | 55458
renoncement	2	53228 | 55461
renvoisier	2	55555 | 55558
renvïer	2	55537 | 55550
replaquier	2	22461 | 55696
reploi	2	55710 | 55718
reploiier	2	55714 | 55723
repos	2	55762 | 55791
reposement	2	18291 | 55768
repostement	2	55778 | 55780
reprendement	2	55807 | 55810
reprueve	2	55208 | 55856
rer	2	57296 | 57487
resasiier	2	55949 | 56164
resder	2	54329 | 55998
resderie	2	54330 | 55999
resoignement	2	56190 | 56192
resoler1	2	55944 | 56082
resolutoire	2	56087 | 59728
resort	2	56200 | 56201
resortir	2	56205 | 56206
respas	2	55619 | 56115
resplendissement	2	56144 | 56148
ressuier	2	56222 | 56228
resteler	2	55964 | 56249
restequier	2	56250 | 56252
restorier1	2	56244 | 56245
rete2	2	56325 | 57302
reter1	2	56350 | 56479
retrenchier	2	26940 | 56438
reversement	2	56575 | 56592
ribaudel	2	56705 | 56706
rider2	2	56751 | 56757
rimer1	2	56846 | 67459
rimor	2	56851 | 56852
riu	2	56782 | 57421
riuleement	2	54730 | 56920
roierie	2	57299 | 57418
roiier1	2	53683 | 57414
roisel	2	56005 | 56026
roncëiz	2	57119 | 57129
rondel	2	57136 | 57137
rondet	2	57135 | 57149
ronfler	2	57163 | 57304
rosseignol	2	57224 | 57228
rot	2	56870 | 57238
rote	2	56871 | 57243
rovrir	2	53271 | 57394
runer	2	53592 | 57555
rus	2	56497 | 57570
ruser	2	57573 | 57574
röable	2	52679 | 56697
rüelete	2	57346 | 57484
rüement	2	57464 | 57486
sablonoi	2	57637 | 57638
sacrer	2	57697 | 57700
sage	2	57742 | 59960
sagremor	2	57758 | 61587
saler	2	57854 | 57906
salir1	2	57785 | 57876
salubre	2	57901 | 57908
sandale2	2	57962 | 57966
sanement	2	57793 | 57967
sanguin	2	58002 | 58007
sanguinaire	2	58003 | 58004
sapin	2	58052 | 58053
sapïent	2	58049 | 58050
sarcir	2	58078 | 59152
sautier1	2	52004 | 58279
sauvable	2	57917 | 58283
sauvagine	2	58292 | 58293
sauvoir	2	58308 | 58309
sauz	2	58186 | 58310
savon	2	58319 | 58329
scible	2	58443 | 58444
secorre1	2	58609 | 58612
seillon	2	58723 | 59403
sel1	2	58557 | 59324
seler	2	58415 | 58744
selete	2	58417 | 58747
selve	2	58751 | 61598
semblant	2	58766 | 58767
semble	2	58768 | 67473
semillos	2	58668 | 58800
seminer	2	58785 | 58806
semoir	2	58788 | 58814
semure	2	58790 | 58839
sen	2	58840 | 58860
senatoire2	2	58850 | 58851
senevé	2	58879 | 58880
seneçon	2	9765 | 58869
serein	2	59040 | 59041
serrement	2	59138 | 59139
serrure	2	25331 | 59143
servable	2	59154 | 59172
setain	2	58973 | 58974
sidoine	2	59316 | 59317
siloc	2	59485 | 59486
simplet	2	59433 | 59434
sisamins	2	59491 | 59512
sobite	2	59969 | 60834
sobiter	2	59519 | 60836
sobreté	2	59525 | 59528
socïal	2	59543 | 67763
sogire	2	60079 | 60080
soigne2	2	59588 | 59599
soignement	2	59591 | 59593
soir	2	58951 | 59600
solemnement	2	59653 | 59654
solet1	2	59233 | 60123
somierement	2	59777 | 59778
son	2	58952 | 59797
soner	2	58955 | 59829
soper	2	60159 | 60160
soplece	2	60122 | 60175
soploiement2	2	60180 | 61214
soploiier	2	60178 | 61215
sor	2	58256 | 59861
sor2	2	61028 | 61246
soranné	2	61263 | 61264
sorchier	2	59878 | 61366
soret	2	58258 | 59898
sorfaire	2	61346 | 61347
sorpöoir	2	61443 | 67761
sorsëoir	2	61475 | 61521
sort2	2	60200 | 60201
sosclave	2	60282 | 61287
sosgorge	2	60324 | 61375
sosplanter	2	60363 | 61198
sospoiier	2	60376 | 61240
sostenail	2	60421 | 60422
sostenter	2	60929 | 61573
sotart	2	59934 | 59955
sotilet	2	60957 | 67467
stipendier	2	60686 | 60688
suire1	2	59556 | 61075
sur2	2	61247 | 61249
surrexit	2	61458 | 61459
söatume	2	59962 | 60028
söement	2	58672 | 60009
tabellïon	2	61658 | 61661
taille	2	61761 | 63330
taillier1	2	61770 | 61779
taisson	2	61802 | 61803
tamarie	2	61852 | 61853
targement	2	4329 | 62014
targier2	2	62015 | 62048
tartiere	2	62076 | 62077
tassel1	2	62094 | 62096
tassete	2	62105 | 62106
taupe	2	62036 | 62146
tavel	2	62162 | 62163
teil	2	62201 | 63367
tel	2	62223 | 64939
tempestos	2	62275 | 62278
temporal	2	62288 | 62297
temprement1	2	62293 | 62304
temproir	2	62310 | 64092
tenance	2	61885 | 62320
tendement	2	62334 | 62343
tendre1	2	62341 | 62342
tendror	2	62337 | 62348
tenement	2	62369 | 62420
tenon	2	61895 | 62380
tenvece	2	62416 | 62422
ter	2	62431 | 64785
terrin1	2	62555 | 62556
terroier	2	62562 | 62565
terçuel1	2	62778 | 62805
tir4	2	62924 | 62935
ton1	2	61940 | 63107
tonorement	2	63143 | 63152
tor1	2	62151 | 63400
torbe1	2	63409 | 64869
torblement	2	64636 | 64637
tordoir	2	63215 | 63218
toreillier1	2	63223 | 63224
torel1	2	62153 | 63426
torse	2	63260 | 64660
tost1	2	7451 | 63318
trait	2	63658 | 63659
transgredir	2	63794 | 63795
travail	2	63920 | 63921
travers	2	63941 | 63942
traversain	2	63944 | 63959
traversier	2	63955 | 63957
treilliz	2	63370 | 64028
trenchëure	2	63737 | 63738
tresaler	2	64150 | 64151
tresorerie	2	64201 | 64202
trestot	2	64254 | 64255
trestrembler	2	26937 | 64256
triboler	2	64324 | 64336
trompe	2	64547 | 64548
trons	2	64592 | 64608
tru	2	64266 | 64687
truillier	2	64271 | 64539
trïaclier1	2	64290 | 64291
trïangle1	2	64296 | 64297
tunicle	2	62377 | 64856
töeillement	2	62230 | 63368
ui	2	5483 | 35268
uitave	2	35304 | 45260
ullerie	2	35406 | 65001
un	2	65015 | 65057
unir	2	5526 | 65040
unïement	2	65035 | 65036
usagier	2	65091 | 65093
usaire1	2	60786 | 65117
user	2	5549 | 65100
v	2	65159 | 67047
vague1	2	65200 | 67176
vailance	2	65211 | 65276
vairie	2	65246 | 65254
val1	2	65268 | 65270
vee	2	67048 | 67136
veler1	2	66373 | 66863
venefice	2	65635 | 65636
venoison	2	65588 | 65597
ventail	2	65351 | 65689
ventree	2	65743 | 67776
ver1	2	65774 | 67050
ver2	2	65775 | 67051
verderie	2	65817 | 65829
verié	2	67054 | 67055
veve1	2	66219 | 66222
vieil	2	66359 | 66406
vis	2	66686 | 66688
visconte	2	66293 | 66294
viscos	2	66285 | 66729
visitement	2	66723 | 66745
vochier	2	66827 | 66828
voillance	2	66212 | 67062
voir	2	66867 | 66868
voire	2	66872 | 66873
voisin	2	66889 | 66895
volant	2	66585 | 66922
vole1	2	66216 | 66931
vole2	2	66589 | 66932
volement	2	66591 | 66935
volet	2	66606 | 66954
volete	2	66607 | 66957
voliere	2	66854 | 66963
volu	2	66987 | 67068